1        1  30
2        1  28
3        1  26
4        1  24
5        1  22
6        1  20
7        1  18
8        1  16
9        2  16
10        2  18
11        2  20
12        2  22
13        2  24
14        2  26
15        2  28
16        2  33
17        1  33
18        1  35
19        1  37
20        1  39
21        1  41
22        1  43
23        1  45
24        1  47
25        2  47
26        2  45
27        2  43
28        2  41
29        2  39
30        2  37
31        2  35
32        2  30
33        1  31
34        1  29
35        1  27
36        1  25
37        1  23
38        1  21
39        1  19
40        1  17
41        2  17
42        2  19
43        2  21
44        2  23
45        2  25
46        2  27
47        2  29
48        2  32
49        1  32
50        1  34
51        1  36
52        1  38
53        1  40
54        1  42
55        1  44
56        1  46
57        2  46
58        2  44
59        2  42
60        2  40
61        2  38
62        2  36
63        2  34
64        2  31
65        1  48
66        1  50
67        1  52
68        1  54
69        1  56
70        1  58
71        1  60
72        1  62
73        2  49
74        2  51
75        2  53
76        2  55
77        2  57
78        2  59
79        2  61
80        2  63
81        1  15
82        1  13
83        1  11
84        1  09
85        1  07
86        1  05
87        1  03
88        1  01
89        2  14
90        2  12
91        2  10
92        2  08
93        2  06
94        2  04
95        2  02
96        2  00
97        1  49
98        1  51
99        1  53
100        1  55
101        1  57
102        1  59
103        1  61
104        1  63
105        2  48
106        2  50
107        2  52
108        2  54
109        2  56
110        2  58
111        2  60
112        2  62
113        1  14
114        1  12
115        1  10
116        1  08
117        1  06
118        1  04
119        1  02
120        1  00
121        2  15
122        2  13
123        2  11
124        2  09
125        2  07
126        2  05
127        2  03
128        2  01
129        1  14
130        1  12
131        1  10
132        1  08
133        1  06
134        1  04
135        1  02
136        1  00
137        2  48
138        2  50
139        2  52
140        2  54
141        2  56
142        2  58
143        2  60
144        2  62
145        1  49
146        1  51
147        1  53
148        1  55
149        1  57
150        1  59
151        1  61
152        1  63
153        2  15
154        2  13
155        2  11
156        2  09
157        2  07
158        2  05
159        2  03
160        2  01
161        1  15
162        1  13
163        1  11
164        1  09
165        1  07
166        1  05
167        1  03
168        1  01
169        2  49
170        2  51
171        2  53
172        2  55
173        2  57
174        2  59
175        2  61
176        2  63
177        1  48
178        1  50
179        1  52
180        1  54
181        1  56
182        1  58
183        1  60
184        1  62
185        2  14
186        2  12
187        2  10
188        2  08
189        2  06
190        2  04
191        2  02
192        2  00
193        1  32
194        1  34
195        1  36
196        1  38
197        1  40
198        1  42
199        1  44
200        1  46
201        2  17
202        2  19
203        2  21
204        2  23
205        2  25
206        2  27
207        2  29
208        2  31
209        1  31
210        1  29
211        1  27
212        1  25
213        1  23
214        1  21
215        1  19
216        1  17
217        2  33
218        2  35
219        2  37
220        2  39
221        2  41
222        2  43
223        2  45
224        2  47
225        1  33
226        1  35
227        1  37
228        1  39
229        1  41
230        1  43
231        1  45
232        1  47
233        2  16
234        2  18
235        2  20
236        2  22
237        2  24
238        2  26
239        2  28
240        2  30
241        1  30
242        1  28
243        1  26
244        1  24
245        1  22
246        1  20
247        1  18
248        1  16
249        2  32
250        2  34
251        2  36
252        2  38
253        2  40
254        2  42
255        2  44
256        2  46
